v3.0 hex words addressed
000: 00060 00102 00060 00104 00060 00108 00060 00090
008: 00028 00000 00060 00480 00060 00300 10000 08000
010: 04000 00000 00001 00000 00060 20100 00060 40080
018: 00000 00000 00000 00000 00000 00000 00000 00000
020: 00000 00000 00000 00000 00000 00000 00000 00000
028: 00000 00000 00000 00000 00000 00000 00000 00000
030: 00000 00000 00000 00000 00000 00000 00000 00000
038: 00000 00000 00000 00000 00000 00000 00000 00000
040: 00000 00000 00000 00000 00000 00000 00000 00000
048: 00000 00000 00000 00000 00000 00000 00000 00000
050: 00000 00000 00000 00000 00000 00000 00000 00000
058: 00000 00000 00000 00000 00000 00000 00000 00000
060: 00000 00000 00000 00000 00000 00000 00000 00000
068: 00000 00000 00000 00000 00000 00000 00000 00000
070: 00000 00000 00000 00000 00000 00000 00000 00000
078: 00000 00000 00000 00000 00000 00000 00000 00000
080: 00000 00000 00000 00000 00000 00000 00000 00000
088: 00000 00000 00000 00000 00000 00000 00000 00000
090: 00000 00000 00000 00000 00000 00000 00000 00000
098: 00000 00000 00000 00000 00000 00000 00000 00000
0a0: 00000 00000 00000 00000 00000 00000 00000 00000
0a8: 00000 00000 00000 00000 00000 00000 00000 00000
0b0: 00000 00000 00000 00000 00000 00000 00000 00000
0b8: 00000 00000 00000 00000 00000 00000 00000 00000
0c0: 00000 00000 00000 00000 00000 00000 00000 00000
0c8: 00000 00000 00000 00000 00000 00000 00000 00000
0d0: 00000 00000 00000 00000 00000 00000 00000 00000
0d8: 00000 00000 00000 00000 00000 00000 00000 00000
0e0: 00000 00000 00000 00000 00000 00000 00000 00000
0e8: 00000 00000 00000 00000 00000 00000 00000 00000
0f0: 00000 00000 00000 00000 00000 00000 00000 00000
0f8: 00000 00000 00000 00000 00000 00000 00000 00000
100: 00000 00000 00000 00000 00000 00000 00000 00000
108: 00000 00000 00000 00000 00000 00000 00000 00000
110: 00000 00000 00000 00000 00000 00000 00000 00000
118: 00000 00000 00000 00000 00000 00000 00000 00000
120: 00000 00000 00000 00000 00000 00000 00000 00000
128: 00000 00000 00000 00000 00000 00000 00000 00000
130: 00000 00000 00000 00000 00000 00000 00000 00000
138: 00000 00000 00000 00000 00000 00000 00000 00000
140: 00000 00000 00000 00000 00000 00000 00000 00000
148: 00000 00000 00000 00000 00000 00000 00000 00000
150: 00000 00000 00000 00000 00000 00000 00000 00000
158: 00000 00000 00000 00000 00000 00000 00000 00000
160: 00000 00000 00000 00000 00000 00000 00000 00000
168: 00000 00000 00000 00000 00000 00000 00000 00000
170: 00000 00000 00000 00000 00000 00000 00000 00000
178: 00000 00000 00000 00000 00000 00000 00000 00000
180: 00000 00000 00000 00000 00000 00000 00000 00000
188: 00000 00000 00000 00000 00000 00000 00000 00000
190: 00000 00000 00000 00000 00000 00000 00000 00000
198: 00000 00000 00000 00000 00000 00000 00000 00000
1a0: 00000 00000 00000 00000 00000 00000 00000 00000
1a8: 00000 00000 00000 00000 00000 00000 00000 00000
1b0: 00000 00000 00000 00000 00000 00000 00000 00000
1b8: 00000 00000 00000 00000 00000 00000 00000 00000
1c0: 00000 00000 00000 00000 00000 00000 00000 00000
1c8: 00000 00000 00000 00000 00000 00000 00000 00000
1d0: 00000 00000 00000 00000 00000 00000 00000 00000
1d8: 00000 00000 00000 00000 00000 00000 00000 00000
1e0: 00000 00000 00000 00000 00000 00000 00000 00000
1e8: 00000 00000 00000 00000 00000 00000 00000 00000
1f0: 00000 00000 00000 00000 00000 00000 00000 00000
1f8: 00000 00000 00000 00000 00000 00000 00000 00000
